Feature	Gain	Cover	Frequency
ctrx_quarter	0.138036987598047	0.0260304504006615	0.0303870239195155
mcaja_ahorro	0.058412507324751	0.0202968539722226	0.0305923416487014
mpasivos_margen	0.0432020238107422	0.0226409262325401	0.0312082948362591
mpayroll	0.0400603439290412	0.0292416946260598	0.0116004516990042
cpayroll_trx	0.0345392607382387	0.0167141142613299	0.0033877425315676
mtarjeta_visa_consumo	0.0327840026751066	0.0157792409252923	0.0208397495123704
mcuentas_saldo	0.0318953808739609	0.0248005037366917	0.0233035622626014
Visa_mpagospesos	0.0285797250474713	0.0111652631863731	0.0176573247099887
Master_fechaalta	0.0266416891819916	0.024119325099728	0.0287444820860281
Visa_msaldopesos	0.0261745108630529	0.0163665959270538	0.0208397495123704
mrentabilidad_annual	0.023389476930392	0.0237638427827417	0.0239195154501591
mactivos_margen	0.0232805778240116	0.0258101102043799	0.0213530438353352
cliente_edad	0.021084137291777	0.0217412517955423	0.0294630941381788
ctarjeta_visa_trx	0.0193821278768145	0.0155156175605488	0.0181706190329535
mprestamos_personales	0.0172096586216608	0.0213321316289869	0.00657016733394929
cliente_antiguedad	0.01570807098242	0.0141038625436432	0.0233035622626014
Master_Fvencimiento	0.0154283131311779	0.014986090395484	0.0228929268042295
mcomisiones_otras	0.0150413322683102	0.0143723725560534	0.0240221743147521
mrentabilidad	0.014545211768155	0.014835115536339	0.0197105020018479
Visa_msaldototal	0.0139830011610073	0.0111716183343131	0.0177599835745817
chomebanking_trx	0.0136386161782032	0.012325654059246	0.0171440303870239
mcomisiones	0.0132684848884489	0.0123740844965835	0.0203264551894056
Master_mfinanciacion_limite	0.0131632248325953	0.0134421152225811	0.0216610204291141
Visa_mpagominimo	0.0129121726129004	0.013352396371419	0.0215583615645211
Visa_fechaalta	0.0128959638456562	0.0130154181602643	0.0195051842726619
mcuenta_corriente	0.0128478837386448	0.0115712508864755	0.0167333949286521
mautoservicio	0.0127102097214585	0.0197616182002937	0.0201211374602197
Visa_Fvencimiento	0.0123497935858465	0.0128651499855511	0.0228929268042295
mtransferencias_recibidas	0.0117532479450374	0.0103513080673701	0.0180679601683605
numero_de_cliente	0.0113941596705282	0.0104017783668619	0.0171440303870239
Visa_mconsumospesos	0.00983203710224432	0.00930645759312524	0.016836053793245
Visa_mlimitecompra	0.00975954169989074	0.0131481595586793	0.0165280771994662
cproductos	0.00941391021366622	0.00867471178276404	0.0106765219176676
Visa_mfinanciacion_limite	0.00908006911607532	0.0127014197230092	0.0149881942305718
Master_mlimitecompra	0.00856981450479646	0.00901790981930801	0.0152961708243507
mcaja_ahorro_dolares	0.00845161081207005	0.0146254958932463	0.0136536289908634
ccomisiones_otras	0.0078969768123952	0.0118048827644108	0.0134483112616774
cprestamos_personales	0.00777107705322386	0.00384928002839729	0.00287444820860281
mcomisiones_mantenimiento	0.00773761104134963	0.0161349036723463	0.0107791807822605
Visa_cconsumos	0.00760541505582738	0.00780812120345692	0.0124217226157479
Visa_mconsumototal	0.00603423957160481	0.00791561742823341	0.0119084282927831
mtransferencias_emitidas	0.00597878782941875	0.0125998125351644	0.0123190637511549
ccomisiones_mantenimiento	0.00578355095014939	0.01601562436176	0.00646750846935633
mtarjeta_visa_debitos_automaticos	0.00566860816741825	0.00819637162551543	0.0111898162406324
mpagomiscuentas	0.00564976921004182	0.00903667454634844	0.0094446155425521
ctransferencias_emitidas	0.00562020062319154	0.0133601047448667	0.00780207370906478
ctransferencias_recibidas	0.00543411132654219	0.0117340639628399	0.00780207370906478
Visa_mpagado	0.00517843893252596	0.00976254470869129	0.00882866235499435
ctarjeta_debito_trx	0.00476119459914703	0.00948204110872553	0.0139616055846422
mcuenta_debitos_automaticos	0.00475909236277505	0.0104845055529007	0.0123190637511549
thomebanking	0.00435263661571777	0.00523926816241388	0.0041063545837183
tcallcenter	0.00407618357143593	0.00290101477177957	0.00153988296889436
Master_msaldopesos	0.00407240944828966	0.00559110178247566	0.00544091982342675
mextraccion_autoservicio	0.00388256099882178	0.0110383957890509	0.012011087157376
Master_mpagospesos	0.00382952840182859	0.0122270089316793	0.00708346165691407
ccuenta_debitos_automaticos	0.00379405174967489	0.00932389415438958	0.00862334462580844
Master_status	0.00368746978427677	0.0113214404458034	0.00205317729185915
Visa_mconsumosdolares	0.00315472216345907	0.00433360444955783	0.00492762550046197
ctarjeta_visa_debitos_automaticos	0.00312456831090471	0.0050387051063303	0.00544091982342675
ccaja_ahorro	0.00303727329834829	0.00897647104709372	0.00287444820860281
Master_mpagominimo	0.00299619103745019	0.00344676059515179	0.00318242480238169
ccallcenter_trx	0.00294849390660874	0.0048027176136223	0.00215583615645211
cmobile_app_trx	0.00248595343367732	0.00190294580453131	0.00359306026075352
Master_mconsumototal	0.0023724829722187	0.00321322895614299	0.00390103685453239
mdescubierto_preacordado	0.00233469632088262	0.00816909160166899	0.00246381275023098
Visa_fultimo_cierre	0.00222446737854273	0.00179041758564461	0.0033877425315676
ccajas_consultas	0.00218947263154923	0.0109566409205991	0.00195051842726619
mplazo_fijo_dolares	0.00210806720303579	0.0148028686736845	0.0026691304794169
Visa_mpagosdolares	0.00204474035520229	0.00545337850941368	0.00431167231290422
ctarjeta_debito	0.00204293408722281	0.00274225635999199	0.00297710707319577
Visa_status	0.00202725655647604	0.00544296368495054	0.000923929781336618
Master_msaldototal	0.00184281103377676	0.00286657267663485	0.00390103685453239
mtarjeta_master_consumo	0.00174778612897023	0.00206428536867622	0.00225849502104507
cextraccion_autoservicio	0.00164093425112027	0.00598680998066562	0.00646750846935633
cpagomiscuentas	0.00154961352393076	0.00504582207011166	0.00390103685453239
Master_mconsumospesos	0.00151809817394512	0.00282576039771117	0.00390103685453239
Master_fultimo_cierre	0.00144998217205436	0.00167657122487447	0.00307976593778873
cseguro_accidentes_personales	0.00143763963420398	0.00723092040494963	0.00225849502104507
ccaja_seguridad	0.00129243284352899	0.0058972815834639	0.00143722410430141
ctarjeta_master	0.00127957245567915	0.000786459581464592	0.000821270916743661
Visa_Finiciomora	0.00123587404046987	0.00589411403338656	0.00112924751052253
matm	0.00120141133237958	0.00477016001029574	0.00595421414639154
catm_trx	0.000963781168119312	0.00331907123863227	0.00307976593778873
Master_cconsumos	0.000865961026591029	0.00106049777067124	0.00153988296889436
cinversion1	0.000755951899008627	0.00607976654915357	0.000821270916743661
Visa_msaldodolares	0.000721274301773893	0.000933159250394463	0.00112924751052253
ccajas_trx	0.000657299689767321	0.00203201344629017	0.000718612052150703
ctarjeta_master_trx	0.000656315415557611	0.00165331579392693	0.00112924751052253
tmobile_app	0.000639626138008336	0.00702884374107592	0.00102658864592958
Master_mpagado	0.000600806120469308	0.0072056551835258	0.00133456523970845
mcheques_emitidos	0.000570475810834413	0.00238741557213527	0.000307976593778873
tpaquete9	0.000532620366932071	0.00524681615357919	0.00102658864592958
tpaquete7	0.000513467975013644	0.00590564652188016	0.000821270916743661
cplazo_fijo	0.000509179902047423	0.0022575209592328	0.000718612052150703
matm_other	0.000506405648299941	0.00218322386691246	0.00215583615645211
Visa_delinquency	0.000482161590936964	0.00167861609897503	0.000718612052150703
active_quarter	0.00046130560741209	0.000237461004927515	0.000615953187557746
mtarjeta_visa_descuentos	0.000457109224660933	0.00557988504660053	0.00174520069808028
mttarjeta_master_debitos_automaticos	0.000368210145225958	0.000939038263433572	0.00102658864592958
internet	0.000356560247748349	0.00349486525597819	0.000718612052150703
catm_trx_other	0.000331023073954612	0.00177793282734928	0.000615953187557746
ccajas_extracciones	0.000289922833268361	0.00225111569182957	0.000513294322964788
Master_mconsumosdolares	0.000245867312525667	0.000240668650575452	0.00041063545837183
ctarjeta_master_debitos_automaticos	0.000231987561632586	0.00147750172879571	0.000307976593778873
Master_mpagosdolares	0.000215010490985357	0.000263793770918548	0.000821270916743661
tpaquete1	0.000211092362216028	0.00467383541387746	0.000615953187557746
ccheques_depositados	0.000205848446171529	0.00328617783490194	0.000513294322964788
ctarjeta_visa	0.000203800819412572	0.000157345042923962	0.00041063545837183
minversion2	0.00018177166855197	0.00317347419789387	0.00041063545837183
ccajeros_propios_descuentos	0.000171699682102559	0.00301120241173253	0.00041063545837183
minversion1_pesos	0.000114912363188931	0.000766983158046024	0.000102658864592958
mcaja_ahorro_adicional	0.000114891720342398	0.000655026301040371	0.000205317729185915
Visa_madelantopesos	0.000114852388108833	0.000134555722984635	0.000513294322964788
cseguro_auto	0.000104857082377137	0.00223286218331428	0.000307976593778873
Master_msaldodolares	7.89353102919579e-05	0.000146388928257727	0.000307976593778873
mforex_sell	7.25100272403593e-05	0.000658584782931051	0.000307976593778873
ctarjeta_visa_descuentos	5.87873846429411e-05	0.000732470895652751	0.00041063545837183
mcheques_depositados	5.54468725815347e-05	0.000748178335434993	0.000102658864592958
cseguro_vida	4.74360121455469e-05	0.000322659080504518	0.000307976593778873
Master_madelantodolares	2.62998872465102e-05	6.30051772503386e-05	0.000102658864592958
Master_delinquency	2.40647044807822e-05	0.000206717726170568	0.000102658864592958
cforex	2.80533559484932e-13	4.68366384062059e-05	0.000102658864592958
Master_madelantopesos	2.73719328557938e-13	6.45889522890075e-05	0.000205317729185915
Master_cadelantosefectivo	8.42048690533025e-14	1.98924149635346e-05	0.000102658864592958
